MulensModel and script versions: ['2.24.0', '0.36.2']
Mean acceptance fraction: 0.450
Mean autocorrelation time [steps]: nan
Fixed parameters:
    t_0_par : 2452848.0
Fitted parameters:
# [median, sigma+, sigma-]
    t_0 : [2452847.99392, +0.20297, -0.10625]
    u_0 : [0.13133, +0.01190, -0.00989]
    t_E : [61.53299, +0.84212, -0.61895]
    rho : [0.00106, +0.00013, -0.00030]
    pi_E_N : [0.00273, +0.00775, -0.01699]
    pi_E_E : [-0.00115, +0.01221, -0.02237]
    s : [1.10024, +0.00699, -0.00610]
    q : [0.0029446, +0.0044348, -0.0015029]
    alpha : [224.65427, +0.81415, -1.28011]
Fitted fluxes: # (source and blending)
# [median, sigma+, sigma-]
    flux_s_1 : [8.98438, +0.23701, -0.58582]
    flux_b_1 : [2.96644, +0.70747, -0.29924]
    flux_s_2 : [591.38326, +34.62791, -33.72225]
    flux_b_2 : [-582.47485, +34.28827, -35.26746]
Best model:
  chi2: 1607.1935
  Parameters:
    t_0: 2452847.9813169586
    u_0: 0.1244083012837355
    t_E: 61.801994310224785
    rho: 0.0009857729823665759
    pi_E_N: -0.00290808473075553
    pi_E_E: 3.233308746249976e-05
    s: 1.1012189522525833
    q: 0.00219719097185293
    alpha: 223.18272670658607
  Fluxes:
    flux_s_1: 8.570631573704093
    flux_b_1: 3.4774355109846873
    flux_s_2: 577.1216293142585
    flux_b_2: -569.0241772101244
