parameters: t_0 u_0 t_E rho s q alpha
values: 2458554.8869 0.14183 18.2374 0.006065 0.993145 0.0012118 348.357
time_range: [2458554, 2458560]
